000001.jpg 74 33 224 189
000002.jpg 75 40 217 173
000004.jpg 106 58 296 240
000007.jpg 86 36 267 193
000009.jpg 71 50 239 191
000011.jpg 59 34 230 162
000013.jpg 123 38 249 213
000014.jpg 82 20 203 130
000016.jpg 113 50 300 232
000017.jpg 92 45 258 194
000019.jpg 87 39 278 204
000020.jpg 48 34 219 164
000021.jpg 81 51 247 196
000023.jpg 125 65 292 243
000024.jpg 85 23 205 142
000026.jpg 106 44 267 192
000027.jpg 103 34 261 200
000028.jpg 77 38 237 176
000031.jpg 102 48 250 196
000037.jpg 96 68 279 221
000039.jpg 90 25 271 228
000042.jpg 58 18 216 167
000043.jpg 91 32 210 182
000044.jpg 78 19 201 140
000045.jpg 71 24 257 227
000046.jpg 68 32 261 206
000047.jpg 105 43 239 214
000048.jpg 71 20 201 169
000049.jpg 66 6 299 211
000050.jpg 98 41 237 191
000052.jpg 98 39 218 182
000053.jpg 71 25 268 224
000054.jpg 83 18 198 136
000056.jpg 138 49 267 227
000057.jpg 72 16 205 167
000058.jpg 71 21 219 168
000059.jpg 103 48 268 205
000061.jpg 133 48 315 255
000062.jpg 111 40 274 218
000063.jpg 72 16 201 169
000066.jpg 71 25 201 170
000067.jpg 99 45 303 225
000069.jpg 87 21 204 178
000071.jpg 83 30 206 186
000072.jpg 119 27 250 209
000073.jpg 62 26 202 167
000074.jpg 77 29 203 159
000076.jpg 81 13 202 166
000077.jpg 92 24 205 124
000078.jpg 98 31 273 214
000080.jpg 81 11 210 167
000082.jpg 135 45 250 226
000083.jpg 97 42 220 202
000084.jpg 72 35 203 165
000088.jpg 89 25 236 216
000089.jpg 90 33 231 189
000090.jpg 146 34 292 225
000092.jpg 107 37 281 219
000093.jpg 75 33 213 165
000097.jpg 102 25 276 215
000098.jpg 128 56 309 238
000101.jpg 74 34 214 169
000102.jpg 95 30 206 133
000103.jpg 97 41 274 230
000105.jpg 126 70 328 270
000106.jpg 114 64 302 263
000108.jpg 150 68 309 257
000110.jpg 74 27 200 132
000111.jpg 95 27 229 193
000113.jpg 112 48 257 217
000114.jpg 71 27 202 158
000115.jpg 87 42 223 179
000118.jpg 123 51 325 243
000119.jpg 71 15 207 176
000122.jpg 95 9 227 181
000123.jpg 155 63 270 227
000124.jpg 75 21 222 192
000125.jpg 72 31 220 162
000127.jpg 143 57 323 256
000128.jpg 87 35 221 170
000132.jpg 112 29 269 234
000136.jpg 71 32 217 156
000138.jpg 81 39 229 182
000139.jpg 93 32 248 208
000142.jpg 76 30 201 138
000143.jpg 117 50 307 258
000146.jpg 82 16 232 190
000148.jpg 98 43 242 187
000149.jpg 87 36 209 144
000150.jpg 106 42 286 257
000152.jpg 80 20 278 232
000154.jpg 140 70 279 235
000156.jpg 137 77 297 256
000158.jpg 89 32 252 217
000159.jpg 85 34 195 154
000160.jpg 91 33 237 179
000161.jpg 103 30 258 213
000162.jpg 85 40 214 152
000163.jpg 88 34 211 145
000166.jpg 109 27 255 217
000167.jpg 97 33 277 218
000168.jpg 68 20 228 174
000169.jpg 84 45 191 158
000170.jpg 107 52 269 227
000172.jpg 91 41 222 179
000174.jpg 89 28 223 172
000175.jpg 110 21 263 210
000177.jpg 98 41 262 235
000178.jpg 86 41 247 192
000181.jpg 90 43 222 186
000183.jpg 145 55 308 252
000185.jpg 110 29 284 215
000186.jpg 83 26 197 143
000187.jpg 96 35 251 189
000188.jpg 86 43 214 158
000190.jpg 110 30 208 185
000191.jpg 80 26 189 140
000192.jpg 87 30 245 191
000195.jpg 81 37 215 157
000199.jpg 70 42 213 158
000200.jpg 114 29 301 238
000201.jpg 79 24 210 138
000203.jpg 80 33 230 188
000204.jpg 99 40 219 160
000205.jpg 109 33 207 185
000206.jpg 121 47 292 250
000207.jpg 63 19 234 189
000208.jpg 104 29 191 177
000209.jpg 127 59 300 275
000210.jpg 83 23 243 193
000211.jpg 61 20 202 172
000212.jpg 85 35 217 160
000214.jpg 80 6 256 182
000215.jpg 78 46 223 171
000216.jpg 81 39 219 166
000218.jpg 77 32 222 161
000219.jpg 130 56 319 267
000222.jpg 90 23 284 203
000224.jpg 101 48 250 210
000226.jpg 76 6 246 183
000227.jpg 86 37 222 168
000231.jpg 84 33 274 223
000232.jpg 84 29 205 162
000235.jpg 96 14 214 120
000236.jpg 94 33 278 222
000237.jpg 74 29 214 162
000238.jpg 87 39 247 202
000239.jpg 79 32 215 167
000240.jpg 102 49 266 216
000241.jpg 76 39 232 175
000243.jpg 95 14 283 212
000244.jpg 72 30 217 163
000245.jpg 71 7 233 176
000248.jpg 81 36 236 173
000249.jpg 120 57 289 234
000250.jpg 122 51 302 239
000251.jpg 95 34 240 172
000254.jpg 105 32 284 226
000256.jpg 75 17 243 192
000257.jpg 81 26 227 168
000258.jpg 102 48 277 228
000259.jpg 123 52 312 243
000260.jpg 109 51 283 232
000261.jpg 67 31 236 171
000264.jpg 103 50 288 232
000266.jpg 88 56 255 198
000268.jpg 69 26 227 175
000269.jpg 113 48 291 241
000270.jpg 102 52 258 199
000273.jpg 103 43 249 197
000274.jpg 113 48 298 241
000275.jpg 123 56 327 272
000276.jpg 67 28 217 176
000277.jpg 95 41 239 195
000278.jpg 113 47 301 244
000279.jpg 114 46 299 244
000280.jpg 72 47 258 200
000284.jpg 126 59 320 257
000286.jpg 93 54 273 208
000289.jpg 105 50 255 167
000291.jpg 93 50 273 197
000292.jpg 94 48 269 203
000293.jpg 122 59 318 268
000294.jpg 81 32 246 190
000296.jpg 84 24 204 167
000300.jpg 100 38 300 246
000302.jpg 107 49 267 208
000305.jpg 79 25 202 171
000306.jpg 214 121 366 286
000307.jpg 133 61 333 275
000311.jpg 122 38 253 210
000313.jpg 74 44 271 207
000316.jpg 76 27 231 177
000317.jpg 92 42 271 200
000318.jpg 131 43 243 217
000319.jpg 90 44 288 208
000322.jpg 76 43 233 198
000323.jpg 107 33 245 210
000325.jpg 107 39 288 208
000328.jpg 106 49 244 203
000330.jpg 86 27 213 174
000331.jpg 106 33 267 209
000335.jpg 102 39 240 202
000338.jpg 109 42 236 214
000339.jpg 121 27 238 209
000340.jpg 59 30 242 165
000342.jpg 47 34 230 183
000343.jpg 103 14 192 119
000344.jpg 119 14 206 113
000345.jpg 133 68 309 264
000347.jpg 111 33 211 191
000348.jpg 111 40 284 214
000351.jpg 68 42 256 199
000352.jpg 98 14 210 117
000353.jpg 101 35 229 158
000354.jpg 123 30 251 220
000355.jpg 133 78 320 276
000356.jpg 101 45 300 211
000357.jpg 89 38 302 217
000358.jpg 118 48 288 221
000360.jpg 79 35 238 194
000361.jpg 106 39 236 172
000362.jpg 145 60 336 259
000363.jpg 107 43 277 211
000364.jpg 97 38 202 154
000366.jpg 94 91 247 251
000368.jpg 126 20 256 211
000369.jpg 89 19 178 125
000370.jpg 157 78 330 268
000371.jpg 128 61 329 267
000372.jpg 80 34 272 205
000374.jpg 103 44 240 230
000376.jpg 69 32 220 164
000377.jpg 96 52 220 192
000378.jpg 70 44 257 210
000381.jpg 95 51 308 229
000385.jpg 96 56 311 235
000386.jpg 106 33 292 204
000387.jpg 106 32 179 148
000389.jpg 91 18 176 121
000391.jpg 90 37 269 208
000393.jpg 111 57 314 235
000396.jpg 97 18 190 122
000397.jpg 114 46 270 217
000398.jpg 105 38 255 202
000399.jpg 106 48 292 239
000403.jpg 88 44 214 174
000405.jpg 113 27 185 141
000407.jpg 117 73 309 258
000408.jpg 77 22 191 158
000409.jpg 77 42 205 174
000410.jpg 120 27 196 141
000411.jpg 80 43 223 185
000412.jpg 102 23 174 135
000414.jpg 121 48 298 237
000415.jpg 87 42 216 174
000418.jpg 112 22 182 135
000419.jpg 100 47 282 239
000420.jpg 89 46 217 173
000421.jpg 134 61 319 240
000423.jpg 82 25 197 162
000424.jpg 76 34 219 183
000425.jpg 90 42 221 177
000426.jpg 91 22 191 128
000427.jpg 114 23 184 134
000428.jpg 119 52 261 179
000429.jpg 90 39 216 176
000431.jpg 84 29 228 183
000432.jpg 89 36 205 176
000433.jpg 94 47 320 255
000434.jpg 122 21 190 129
000435.jpg 78 32 205 164
000436.jpg 107 49 257 204
000437.jpg 96 45 217 187
000441.jpg 80 20 209 170
000442.jpg 82 30 202 167
000443.jpg 115 44 269 199
000444.jpg 84 37 217 182
000449.jpg 115 54 347 252
000451.jpg 107 50 267 209
000453.jpg 85 46 235 209
000456.jpg 117 51 275 215
000458.jpg 97 40 229 189
000459.jpg 102 45 242 210
000461.jpg 88 44 253 209
000462.jpg 110 47 229 200
000463.jpg 31 20 245 167
000466.jpg 92 42 267 209
000467.jpg 78 27 205 180
000468.jpg 103 35 296 200
000469.jpg 78 31 219 181
000470.jpg 93 40 211 159
000471.jpg 83 27 197 140
000472.jpg 58 35 239 191
000473.jpg 117 51 302 231
000474.jpg 83 33 230 192
000475.jpg 91 42 205 161
000476.jpg 63 31 237 183
000477.jpg 79 30 212 165
000478.jpg 47 25 215 182
000479.jpg 90 39 204 160
000480.jpg 57 21 206 175
000481.jpg 86 34 204 163
000482.jpg 105 37 244 192
000483.jpg 76 24 225 173
000484.jpg 72 24 202 177
000485.jpg 90 40 210 157
000486.jpg 88 45 200 164
000487.jpg 91 21 221 176
000488.jpg 85 21 220 169
000489.jpg 96 39 213 158
000490.jpg 147 75 299 240
000491.jpg 86 20 209 171
000493.jpg 85 34 209 153
000494.jpg 84 43 204 160
000495.jpg 79 21 208 166
000496.jpg 34 25 202 172
000497.jpg 90 38 238 170
000498.jpg 80 36 204 158
000499.jpg 60 28 208 174
000500.jpg 82 44 203 163
000501.jpg 44 29 201 169
000502.jpg 97 44 225 171
000503.jpg 84 39 205 159
000505.jpg 95 34 221 177
000507.jpg 85 36 206 162
000508.jpg 96 43 223 170
000509.jpg 61 32 204 171
000510.jpg 91 28 189 137
000511.jpg 87 41 209 165
000512.jpg 101 30 210 168
000513.jpg 87 52 242 202
000514.jpg 82 36 210 167
000515.jpg 46 30 201 168
000516.jpg 89 27 188 137
000517.jpg 79 30 201 164
000518.jpg 100 53 217 179
000519.jpg 100 27 217 170
000520.jpg 93 28 197 142
000521.jpg 95 38 225 170
000522.jpg 97 29 210 163
000523.jpg 65 38 202 170
000524.jpg 86 37 205 162
000525.jpg 67 34 197 162
000526.jpg 94 45 227 176
000527.jpg 87 31 206 167
000528.jpg 86 39 212 162
000529.jpg 85 42 209 169
000530.jpg 80 32 181 143
000531.jpg 93 34 203 168
000532.jpg 86 33 199 162
000533.jpg 83 40 207 165
000534.jpg 85 39 214 165
000535.jpg 77 27 215 165
000536.jpg 99 33 207 158
000537.jpg 87 45 214 169
000538.jpg 61 34 201 164
000539.jpg 89 34 189 150
000540.jpg 71 40 192 168
000541.jpg 91 43 224 170
000542.jpg 69 34 204 163
000543.jpg 72 26 214 168
000544.jpg 93 46 226 174
000545.jpg 71 34 201 159
000546.jpg 72 30 214 171
000547.jpg 71 11 205 175
000548.jpg 84 34 197 155
000550.jpg 86 37 255 198
000551.jpg 86 40 189 159
000552.jpg 102 36 202 158
000553.jpg 86 42 207 175
000554.jpg 95 43 204 168
000556.jpg 91 43 210 175
000557.jpg 87 42 187 160
000558.jpg 94 32 190 149
000561.jpg 95 35 219 171
000562.jpg 45 7 226 176
000563.jpg 74 32 204 162
000564.jpg 79 31 193 151
000565.jpg 87 35 207 164
000566.jpg 86 40 189 162
000567.jpg 67 42 204 166
000568.jpg 103 32 253 204
000569.jpg 82 40 205 168
000570.jpg 86 37 218 170
000571.jpg 58 39 192 158
000572.jpg 72 29 202 162
000573.jpg 82 25 206 167
000574.jpg 107 33 253 208
000575.jpg 86 35 223 167
000576.jpg 83 38 201 160
000577.jpg 84 29 225 167
000578.jpg 97 42 204 167
000579.jpg 83 23 239 182
000580.jpg 92 40 273 212
000581.jpg 93 47 233 183
000582.jpg 94 38 197 158
000583.jpg 72 38 183 164
000584.jpg 83 20 240 183
000585.jpg 108 52 301 235
000586.jpg 92 33 228 175
000587.jpg 89 39 226 178
000588.jpg 86 41 198 169
000589.jpg 83 42 289 228
000590.jpg 84 26 215 170
000591.jpg 89 38 225 178
000592.jpg 84 30 202 159
000593.jpg 88 37 196 167
000594.jpg 66 35 196 151
000595.jpg 108 33 278 215
000596.jpg 71 24 217 167
000597.jpg 85 14 202 129
000598.jpg 75 32 199 146
000599.jpg 156 57 310 245
000600.jpg 108 40 269 209
000601.jpg 90 32 232 179
000602.jpg 103 19 194 126
000603.jpg 76 39 189 170
000604.jpg 92 41 224 179
000605.jpg 103 49 221 182
000606.jpg 82 35 215 172
000607.jpg 90 15 215 131
000608.jpg 96 37 280 224
000610.jpg 83 31 220 168
000611.jpg 87 53 310 241
000612.jpg 81 36 214 158
000613.jpg 85 35 202 171
000614.jpg 87 18 229 167
000615.jpg 88 30 230 168
000616.jpg 62 30 278 225
000617.jpg 92 40 213 176
000618.jpg 95 21 232 163
000619.jpg 98 34 236 188
000620.jpg 94 33 229 176
000621.jpg 97 34 250 188
000622.jpg 84 24 282 214
000624.jpg 88 34 217 180
000625.jpg 99 32 256 191
000627.jpg 85 23 210 146
000628.jpg 93 33 218 175
000629.jpg 92 43 205 166
000631.jpg 98 22 216 145
000632.jpg 108 43 227 185
000633.jpg 90 23 249 184
000634.jpg 91 33 219 178
000635.jpg 100 23 214 150
000636.jpg 92 22 227 167
000637.jpg 75 26 202 154
000638.jpg 98 29 272 197
000639.jpg 90 32 232 178
000640.jpg 78 28 213 155
000641.jpg 95 30 247 198
000642.jpg 104 43 284 214
000643.jpg 73 31 211 161
000644.jpg 107 28 235 175
000645.jpg 107 37 286 210
000646.jpg 110 26 239 177
000647.jpg 114 31 238 182
000648.jpg 99 35 221 171
000649.jpg 95 27 284 207
000650.jpg 120 32 242 164
000651.jpg 123 46 240 195
000652.jpg 109 45 303 230
000653.jpg 113 39 274 219
000654.jpg 71 25 210 173
000655.jpg 115 42 311 230
000657.jpg 96 26 283 218
000658.jpg 92 23 230 172
000659.jpg 85 34 232 175
000660.jpg 97 46 273 241
000661.jpg 107 32 253 198
000662.jpg 108 27 237 178
000663.jpg 116 44 318 240
000664.jpg 101 46 247 190
000665.jpg 109 24 229 178
000666.jpg 95 32 184 145
000667.jpg 104 27 311 229
000668.jpg 77 42 234 186
000669.jpg 93 23 208 178
000670.jpg 100 36 185 148
000672.jpg 100 25 327 234
000673.jpg 60 33 218 180
000674.jpg 85 21 208 178
000675.jpg 95 38 194 151
000676.jpg 95 34 233 192
000677.jpg 85 39 208 156
000678.jpg 101 37 255 208
000679.jpg 97 46 250 197
000680.jpg 117 33 318 240
000681.jpg 84 44 202 162
000683.jpg 98 49 258 209
000684.jpg 105 30 263 208
000685.jpg 115 46 247 199
000686.jpg 85 22 195 132
000687.jpg 70 32 225 183
000688.jpg 90 30 245 209
000689.jpg 92 44 188 164
000690.jpg 113 30 270 193
000691.jpg 78 32 230 189
000692.jpg 95 31 251 209
000693.jpg 98 30 258 195
000694.jpg 99 40 197 162
000695.jpg 88 29 203 136
000696.jpg 103 49 288 232
000697.jpg 115 46 265 213
000699.jpg 88 29 189 144
000700.jpg 89 25 215 153
000702.jpg 108 45 252 214
000704.jpg 129 64 289 235
000705.jpg 92 33 213 150
000706.jpg 82 32 204 162
000709.jpg 80 29 213 160
000710.jpg 113 40 290 222
000711.jpg 82 27 205 163
000712.jpg 80 56 296 253
000714.jpg 74 52 258 223
000715.jpg 83 35 189 156
000716.jpg 113 43 280 219
000717.jpg 77 25 215 162
000718.jpg 137 58 289 250
000719.jpg 97 64 303 267
000721.jpg 90 40 191 163
000722.jpg 111 39 275 216
000723.jpg 122 60 288 232
000725.jpg 80 25 215 167
000726.jpg 130 51 325 248
000727.jpg 82 39 201 163
000728.jpg 136 73 297 254
000730.jpg 82 39 210 164
000731.jpg 84 38 204 167
000732.jpg 77 40 208 160
000733.jpg 76 20 241 198
000734.jpg 96 30 232 180
000736.jpg 74 37 261 218
000737.jpg 86 41 215 166
000738.jpg 81 34 199 163
000739.jpg 86 20 237 168
000740.jpg 76 23 217 165
000741.jpg 81 39 254 223
000742.jpg 77 39 230 180
000744.jpg 84 33 202 164
000745.jpg 72 36 205 163
000746.jpg 115 55 292 235
000747.jpg 98 23 241 175
000748.jpg 106 34 265 214
000749.jpg 115 35 253 214
000750.jpg 97 48 232 192
000751.jpg 92 35 223 169
000752.jpg 77 15 220 170
000755.jpg 101 48 287 231
000756.jpg 113 67 294 252
000757.jpg 118 28 266 221
000758.jpg 74 26 204 168
000759.jpg 107 43 257 204
000760.jpg 114 47 292 234
000761.jpg 132 47 280 247
000762.jpg 97 36 225 186
000763.jpg 81 25 217 159
000764.jpg 103 34 267 198
000765.jpg 99 46 223 189
000766.jpg 91 41 251 192
000767.jpg 73 33 276 236
000768.jpg 106 54 280 242
000769.jpg 99 39 251 194
000770.jpg 81 25 201 170
000771.jpg 78 35 304 241
000772.jpg 91 37 257 195
000773.jpg 122 68 302 257
000774.jpg 81 19 238 191
000776.jpg 84 23 224 169
000778.jpg 88 40 240 186
000780.jpg 110 50 299 243
000781.jpg 110 40 235 202
000782.jpg 103 46 234 205
000783.jpg 88 22 257 200
000784.jpg 80 23 221 177
000785.jpg 132 43 306 260
000786.jpg 86 28 277 220
000787.jpg 94 32 228 192
000788.jpg 118 59 343 262
000790.jpg 113 32 310 227
000793.jpg 89 27 223 182
000794.jpg 87 40 256 204
000796.jpg 122 48 319 245
000798.jpg 74 15 211 172
000799.jpg 84 41 257 211
000801.jpg 124 51 246 218
000802.jpg 141 76 341 270
000806.jpg 134 51 260 227
000808.jpg 80 38 270 238
000810.jpg 81 18 228 187
000811.jpg 124 48 262 226
000815.jpg 100 33 259 191
000816.jpg 76 6 214 176
000818.jpg 88 25 244 199
000820.jpg 90 30 277 207
000821.jpg 118 41 252 229
000822.jpg 94 42 255 199
000823.jpg 96 26 263 207
000825.jpg 116 38 268 229
000827.jpg 118 46 276 236
000828.jpg 84 12 257 203
000829.jpg 98 42 294 240
000830.jpg 84 22 203 129
000831.jpg 107 50 265 207
000832.jpg 96 36 282 236
000834.jpg 83 13 259 213
000835.jpg 119 43 311 258
000839.jpg 78 29 198 142
000841.jpg 113 52 304 255
000843.jpg 80 37 281 230
000846.jpg 94 39 299 231
000850.jpg 100 33 217 168
000851.jpg 90 14 262 198
000855.jpg 72 39 202 159
000858.jpg 87 34 264 214
000860.jpg 74 39 204 162
000862.jpg 86 33 259 207
000863.jpg 71 35 204 158
000866.jpg 62 13 225 183
000867.jpg 59 31 201 162
000868.jpg 80 38 203 157
000870.jpg 108 46 312 253
000871.jpg 58 25 204 167
000872.jpg 92 53 255 202
000875.jpg 74 18 235 171
000877.jpg 86 46 250 198
000878.jpg 77 36 247 200
000879.jpg 101 48 255 198
000880.jpg 88 37 255 201
000881.jpg 74 34 255 203
000882.jpg 102 50 287 221
000884.jpg 62 24 238 187
000886.jpg 85 36 276 219
000887.jpg 73 32 266 218
000888.jpg 90 27 203 149
000889.jpg 90 43 292 230
000891.jpg 103 58 307 254
000893.jpg 114 57 324 257
000895.jpg 87 19 192 138
000897.jpg 91 46 302 246
000900.jpg 96 53 306 255
000904.jpg 112 34 290 215
000915.jpg 100 18 202 126
000919.jpg 119 41 250 209
000920.jpg 122 43 260 216
000921.jpg 116 21 269 219
000923.jpg 130 51 279 227
000926.jpg 133 45 285 225
000927.jpg 101 16 255 207
000929.jpg 155 69 309 247
000932.jpg 133 46 277 229
000935.jpg 156 59 299 245
000937.jpg 103 26 243 203
000939.jpg 149 61 296 247
000940.jpg 117 30 244 202
000943.jpg 97 50 177 143
000945.jpg 168 113 339 293
000948.jpg 97 37 227 158
000949.jpg 98 38 218 157
000950.jpg 160 168 324 354
000952.jpg 157 104 268 202
000953.jpg 202 103 266 194
000954.jpg 175 100 252 204
000955.jpg 59 43 187 192
000958.jpg 195 86 270 196
000959.jpg 160 84 268 206
000960.jpg 196 111 291 249
000961.jpg 174 89 270 225
000962.jpg 185 89 265 199
000963.jpg 171 95 268 217
000964.jpg 194 114 265 207
000965.jpg 203 176 337 349
000969.jpg 162 87 265 199
000970.jpg 177 144 321 280
000972.jpg 176 97 263 202
000973.jpg 160 96 254 196
000975.jpg 139 125 270 251
000976.jpg 65 114 197 264
000978.jpg 178 112 256 212
000979.jpg 189 109 290 243
000981.jpg 189 123 324 258
000983.jpg 178 90 270 206
000984.jpg 141 97 289 226
000987.jpg 182 191 338 343
000989.jpg 182 125 288 245
000990.jpg 176 99 256 206
000991.jpg 245 134 325 228
000992.jpg 81 101 162 217
000993.jpg 169 89 256 207
000995.jpg 16 17 159 155
000996.jpg 122 140 272 293
000997.jpg 139 134 272 295
000998.jpg 139 97 251 203
000999.jpg 160 90 251 193
001000.jpg 178 89 275 185
001001.jpg 167 92 277 201
001002.jpg 178 95 270 191
001003.jpg 163 99 278 224
001004.jpg 164 92 270 213
001005.jpg 178 117 272 252
001006.jpg 160 107 270 235
001007.jpg 127 79 258 208
001008.jpg 66 87 181 215
001009.jpg 182 195 338 349
001010.jpg 175 108 279 201
001013.jpg 200 189 358 345
001017.jpg 164 91 264 221
001018.jpg 148 119 291 247
001023.jpg 171 91 284 206
001024.jpg 122 92 263 201
001027.jpg 40 38 144 167
001029.jpg 53 97 156 207
001030.jpg 215 132 320 243
001031.jpg 216 136 328 260
001032.jpg 167 171 321 300
001033.jpg 115 131 251 290
001035.jpg 171 97 258 200
001036.jpg 222 131 323 226
001038.jpg 150 124 277 265
001040.jpg 191 184 316 326
001041.jpg 138 138 286 266
001042.jpg 167 104 272 213
001043.jpg 38 46 169 173
001044.jpg 157 126 298 299
001047.jpg 170 117 249 204
001053.jpg 342 63 557 280
001054.jpg 128 42 284 192
001057.jpg 431 147 622 342
001063.jpg 250 167 486 439
001064.jpg 283 168 533 407
001068.jpg 346 84 459 269
001074.jpg 103 67 203 176
001075.jpg 149 65 205 175
001078.jpg 115 65 385 225
001080.jpg 156 58 248 159
001081.jpg 184 85 278 186
001086.jpg 54 55 184 191
001087.jpg 80 141 208 274
001089.jpg 177 76 376 245
001110.jpg 189 66 352 264
001112.jpg 150 56 212 160
001126.jpg 150 78 233 175
001129.jpg 143 51 239 177
001130.jpg 377 79 577 302
001131.jpg 155 84 277 214
001133.jpg 197 86 314 248
001134.jpg 87 69 272 225
001135.jpg 290 113 428 285
001136.jpg 197 96 383 270
001137.jpg 281 92 416 265
001138.jpg 174 91 368 267
001139.jpg 171 97 374 282
001140.jpg 225 131 449 327
001143.jpg 141 83 233 176
001144.jpg 141 94 231 188
001145.jpg 185 94 389 303
001148.jpg 151 65 256 182
001149.jpg 171 88 281 203
001150.jpg 155 180 386 398
001154.jpg 254 152 522 405
001156.jpg 216 152 505 416
001158.jpg 245 103 410 295
001160.jpg 162 50 239 137
001161.jpg 24 71 159 208
001164.jpg 132 64 222 187
001165.jpg 126 37 250 180
001166.jpg 162 68 266 211
001167.jpg 141 57 244 207
001175.jpg 142 51 268 225
001176.jpg 156 201 278 409
001177.jpg 333 97 527 335
001179.jpg 145 62 310 176
001182.jpg 139 30 289 208
001183.jpg 220 144 429 380
001191.jpg 130 63 244 163
001198.jpg 161 73 347 245
001200.jpg 169 75 323 227
001206.jpg 180 77 292 219
001208.jpg 130 66 278 179
001209.jpg 160 59 323 246
001210.jpg 346 101 518 341
001211.jpg 152 68 241 185
001212.jpg 143 63 233 180
001215.jpg 164 59 289 220
001216.jpg 146 90 412 288
001219.jpg 135 87 278 208
001220.jpg 165 64 290 214
001222.jpg 80 72 272 218
001226.jpg 107 75 311 234
001229.jpg 349 148 568 315
001233.jpg 128 50 233 160
001250.jpg 159 68 282 213
001251.jpg 279 120 482 338
001254.jpg 101 32 252 180
001261.jpg 178 106 431 347
001266.jpg 170 61 287 240
001273.jpg 176 63 272 225
001277.jpg 35 53 150 185
001278.jpg 191 87 388 234
001284.jpg 104 33 358 249
001288.jpg 124 55 336 273
001291.jpg 78 37 332 241
001292.jpg 111 32 323 243
001293.jpg 113 49 356 243
001295.jpg 100 55 158 159
001296.jpg 291 36 398 207
001297.jpg 115 78 246 175
001298.jpg 156 64 246 160
001299.jpg 118 66 239 171
001300.jpg 124 55 261 168
001303.jpg 116 105 314 277
001304.jpg 160 82 329 238
001305.jpg 157 74 329 223
001306.jpg 148 88 343 234
001307.jpg 128 62 252 175
001308.jpg 111 50 267 180
001309.jpg 126 58 254 162
001310.jpg 105 75 322 252
001315.jpg 139 113 322 289
001317.jpg 107 59 303 181
001318.jpg 102 57 295 177
001319.jpg 98 67 250 236
001320.jpg 111 47 231 189
001323.jpg 107 50 248 176
001324.jpg 113 56 261 177
001325.jpg 138 82 329 240
001326.jpg 139 63 257 153
001330.jpg 117 50 261 186
001331.jpg 115 46 261 178
001332.jpg 146 72 301 225
001334.jpg 198 107 341 231
001337.jpg 164 109 341 282
001338.jpg 167 91 329 250
001339.jpg 132 72 284 208
001340.jpg 132 57 215 143
001341.jpg 137 89 323 269
001343.jpg 132 45 272 181
001345.jpg 141 114 348 286
001346.jpg 128 56 237 147
001348.jpg 117 41 273 176
001349.jpg 141 92 322 240
001353.jpg 139 51 250 138
001354.jpg 139 78 248 175
001355.jpg 98 46 265 182
001356.jpg 81 39 248 177
001360.jpg 109 61 263 169
001362.jpg 140 82 311 229
001363.jpg 157 102 329 246
001364.jpg 146 97 298 292
001365.jpg 111 47 273 169
001366.jpg 122 91 308 282
001367.jpg 132 73 307 250
001368.jpg 140 83 310 250
001369.jpg 153 68 285 201
001370.jpg 141 50 271 165
001371.jpg 124 51 246 171
001375.jpg 117 52 250 178
001376.jpg 143 63 293 179
001377.jpg 113 39 295 211
001378.jpg 127 99 347 252
001379.jpg 147 71 287 190
001381.jpg 134 92 354 277
001382.jpg 124 83 347 250
001385.jpg 109 61 278 169
001389.jpg 92 55 246 164
001400.jpg 102 63 261 159
001401.jpg 105 62 261 158
001402.jpg 124 72 280 178
001403.jpg 143 110 326 279
001404.jpg 148 109 326 272
001405.jpg 119 84 317 258
001406.jpg 85 59 241 174
001410.jpg 111 50 269 175
001411.jpg 109 52 256 176
001412.jpg 126 58 243 169
001413.jpg 177 88 298 199
001414.jpg 141 54 252 170
001415.jpg 130 56 243 160
001416.jpg 141 56 235 163
001420.jpg 126 54 246 165
001421.jpg 132 55 256 169
001422.jpg 157 109 331 285
001423.jpg 141 94 326 255
001425.jpg 160 70 310 218
001426.jpg 113 53 252 174
001429.jpg 121 71 217 174
001430.jpg 132 62 244 159
001431.jpg 160 102 310 245
001432.jpg 111 71 227 162
001433.jpg 139 69 268 158
001435.jpg 155 105 329 273
001436.jpg 143 56 276 191
001440.jpg 124 53 259 170
001441.jpg 98 50 248 191
001443.jpg 120 78 246 196
001444.jpg 113 77 259 191
001445.jpg 111 87 261 212
001446.jpg 111 62 239 176
001447.jpg 143 66 265 183
001451.jpg 68 86 216 196
001452.jpg 128 93 248 204
001453.jpg 126 61 241 163
001455.jpg 41 78 193 219
001456.jpg 126 59 261 182
001458.jpg 143 78 258 175
001459.jpg 128 83 256 203
001460.jpg 128 71 248 192
001461.jpg 83 88 189 208
001462.jpg 125 1 252 109
001468.jpg 190 69 348 242
001473.jpg 148 6 271 118
001474.jpg 149 5 279 121
001475.jpg 172 50 314 213
001476.jpg 205 49 361 205
001478.jpg 178 48 310 223
001480.jpg 145 56 323 222
001481.jpg 119 11 248 135
001482.jpg 134 48 294 216
001490.jpg 123 27 236 158
001491.jpg 221 84 410 299
001492.jpg 194 69 393 286
001493.jpg 137 20 237 134
001495.jpg 142 19 243 135
001497.jpg 197 109 426 366
001498.jpg 206 133 513 434
001502.jpg 356 82 591 301
001503.jpg 452 132 669 351
001504.jpg 269 10 383 134
001505.jpg 122 12 229 140
001506.jpg 127 21 245 156
001507.jpg 161 48 283 207
001508.jpg 168 74 348 254
001510.jpg 126 30 244 135
001513.jpg 216 74 445 296
001514.jpg 239 75 457 325
001515.jpg 121 1 258 133
001516.jpg 130 6 255 141
001517.jpg 217 80 404 277
001519.jpg 131 6 251 114
001520.jpg 137 16 245 133
001522.jpg 128 6 236 123
001523.jpg 118 6 233 119
001525.jpg 156 49 297 200
001527.jpg 359 94 586 336
001530.jpg 227 92 430 262
001535.jpg 125 20 242 137
001536.jpg 138 41 269 174
001538.jpg 143 50 292 191
001539.jpg 154 34 311 193
001540.jpg 197 81 368 277
001543.jpg 176 52 322 231
001545.jpg 117 1 204 101
001546.jpg 130 1 220 105
001548.jpg 172 63 347 246
001550.jpg 133 1 251 136
001551.jpg 216 87 407 290
001554.jpg 122 8 230 132
001555.jpg 285 43 493 255
001556.jpg 252 40 470 255
001557.jpg 140 11 228 122
001558.jpg 160 11 250 122
001561.jpg 131 64 369 206
001565.jpg 126 44 300 198
001567.jpg 130 15 245 127
001568.jpg 153 17 280 171
001569.jpg 154 24 290 180
001570.jpg 138 30 256 156
001571.jpg 155 27 295 192
001572.jpg 188 60 356 257
001573.jpg 213 114 455 390
001574.jpg 115 34 252 222
001576.jpg 150 61 293 213
001577.jpg 140 10 245 119
001578.jpg 145 15 235 133
001582.jpg 128 6 240 145
001583.jpg 125 20 237 133
001584.jpg 124 26 234 140
001585.jpg 131 24 391 242
001590.jpg 219 68 374 267
001595.jpg 127 13 259 167
001596.jpg 251 21 381 145
001597.jpg 121 15 229 122
001600.jpg 147 53 294 216
001601.jpg 124 11 235 141
001602.jpg 132 30 259 177
001606.jpg 116 15 251 138
001607.jpg 118 41 242 181
001608.jpg 112 1 229 128
001609.jpg 117 7 234 138
001615.jpg 157 51 292 188
001616.jpg 144 14 231 130
001617.jpg 160 51 298 234
001619.jpg 131 15 248 131
001620.jpg 129 20 236 140
001626.jpg 360 81 559 315
001628.jpg 118 29 235 151
001632.jpg 377 82 574 299
001633.jpg 510 141 713 363
001635.jpg 144 1 243 113
001636.jpg 308 27 465 223
001637.jpg 346 69 537 266
001640.jpg 135 9 252 133
001641.jpg 206 114 436 372
001642.jpg 140 6 250 132
001644.jpg 199 79 347 238
001645.jpg 181 66 312 213
001648.jpg 323 57 481 245
001649.jpg 123 29 249 146
001651.jpg 269 115 433 313
001652.jpg 112 23 270 163
001656.jpg 208 80 383 273
001657.jpg 200 72 388 286
001664.jpg 141 6 228 136
001665.jpg 179 59 292 242
001666.jpg 78 23 323 232
001668.jpg 260 54 462 284
001669.jpg 177 68 367 240
001678.jpg 149 14 247 146
001679.jpg 144 7 234 133
001680.jpg 129 1 239 117
001681.jpg 136 1 234 119
001682.jpg 133 9 247 130
001683.jpg 133 10 234 135
001684.jpg 123 11 225 135
001686.jpg 169 63 340 204
001688.jpg 262 85 444 337
001689.jpg 360 160 601 409
001690.jpg 107 19 226 134
001691.jpg 122 8 232 138
001692.jpg 137 6 261 115
001693.jpg 164 39 298 193
001694.jpg 150 43 316 229
001695.jpg 195 54 388 281
001698.jpg 266 90 453 333
001699.jpg 276 104 540 363
001701.jpg 83 23 246 176
001702.jpg 157 70 289 211
001703.jpg 174 61 296 226
001705.jpg 343 9 439 85
001707.jpg 244 34 304 113
001708.jpg 115 74 237 169
001714.jpg 345 44 445 133
001715.jpg 381 68 540 190
001720.jpg 634 15 814 183
001721.jpg 367 50 423 104
001722.jpg 548 53 663 169
001723.jpg 243 5 321 95
001724.jpg 634 72 895 367
001727.jpg 300 41 440 168
001728.jpg 85 13 170 167
001729.jpg 329 42 444 164
001730.jpg 597 70 710 209
001736.jpg 556 8 663 109
001738.jpg 276 60 524 321
001743.jpg 291 33 398 176
001747.jpg 333 30 453 177
001750.jpg 387 30 488 115
001758.jpg 550 46 683 186
001759.jpg 378 87 495 248
001760.jpg 325 39 440 173
001764.jpg 356 68 662 469
001765.jpg 854 87 1024 233
001766.jpg 170 27 248 114
001772.jpg 245 59 331 160
